(20525, 26691, 1.0)
(22931, 28306, 1.0)
(10579, 15460, 1.0)
(5900, 16317, 1.0)
(413, 4304, 1.0)
(4795, 15092, 1.0)
(11319, 13730, 1.0)
(12080, 17345, 1.0)
(20468, 28095, 1.0)
(10900, 21743, 1.0)
(18743, 20530, 1.0)
(15329, 17033, 1.0)
(2619, 3981, 1.0)
(11489, 24142, 1.0)
(4977, 10507, 1.0)
(2175, 26248, 1.0)
(10533, 21025, 1.0)
(303, 23403, 1.0)
(3822, 28592, 1.0)
(2573, 22256, 1.0)
(4134, 14193, 1.0)
(14055, 22779, 1.0)
(18297, 26727, 1.0)
(9299, 11981, 1.0)
(4908, 22115, 1.0)
(367, 20678, 1.0)
(12736, 13731, 1.0)
(6567, 13526, 1.0)
(4334, 6162, 1.0)
(872, 26703, 1.0)
(21586, 22110, 1.0)
(2601, 24803, 1.0)
(9670, 25082, 1.0)
(13838, 15050, 1.0)
(1364, 8482, 1.0)
(4154, 16945, 1.0)
(13211, 17734, 1.0)
(10732, 22207, 1.0)
(21717, 26220, 1.0)
(20531, 22465, 1.0)
(8635, 26370, 1.0)
(22192, 23587, 1.0)
(5330, 13757, 1.0)
(2252, 4719, 1.0)
(5200, 7123, 1.0)
(1296, 27682, 1.0)
(443, 13027, 1.0)
(458, 12759, 1.0)
(19439, 22885, 1.0)
(19218, 25518, 1.0)
(5330, 24471, 1.0)
(7553, 21990, 1.0)
(153, 25293, 1.0)
(26454, 26592, 1.0)
(3399, 3647, 1.0)
(77, 10612, 1.0)
(15385, 27971, 1.0)
(2046, 20965, 1.0)
(21904, 24398, 1.0)
(13492, 27522, 1.0)
(11037, 27079, 1.0)
(15904, 19775, 1.0)
(17900, 19170, 1.0)
(2437, 17269, 1.0)
(632, 13994, 1.0)
(7983, 21671, 1.0)
(5041, 16196, 1.0)
(2795, 12373, 1.0)
(13464, 23452, 1.0)
(14311, 22812, 1.0)
(8707, 20481, 1.0)
(16915, 20683, 1.0)
(4310, 22798, 1.0)
(468, 1885, 1.0)
(8003, 19670, 1.0)
(3232, 11355, 1.0)
(4230, 13220, 1.0)
(10706, 19828, 1.0)
(3519, 14392, 1.0)
(20153, 26303, 1.0)
(13161, 13751, 1.0)
(25712, 27668, 1.0)
(1988, 19057, 1.0)
(2176, 18182, 1.0)
(6559, 25784, 1.0)
(8081, 18734, 1.0)
(15217, 24678, 1.0)
(14977, 24305, 1.0)
(7104, 21719, 1.0)
(6233, 11374, 1.0)
(7980, 27782, 1.0)
(15124, 18032, 1.0)
(3528, 14375, 1.0)
(18741, 18921, 1.0)
(11899, 18047, 1.0)
(7135, 9612, 1.0)
(10332, 14908, 1.0)
(11409, 25980, 1.0)
(6161, 23890, 1.0)
(17017, 23599, 1.0)
(25607, 26211, 1.0)
(13218, 19313, 1.0)
(18477, 19941, 1.0)
(427, 1035, 1.0)
(4581, 28009, 1.0)
(15805, 19230, 1.0)
(3385, 12023, 1.0)
(1887, 15283, 1.0)
(1427, 14773, 1.0)
(23624, 27738, 1.0)
(3535, 5606, 1.0)
(637, 14968, 1.0)
(6482, 26944, 1.0)
(1611, 23939, 1.0)
(3830, 6722, 1.0)
(27253, 27324, 1.0)
(14800, 22359, 1.0)
(579, 5459, 1.0)
(8178, 11848, 1.0)
(13578, 27704, 1.0)
(7037, 23193, 1.0)
(15346, 21111, 1.0)
(19915, 23239, 1.0)
(2827, 11107, 1.0)
(13757, 24471, 1.0)
(8850, 21543, 1.0)
(5417, 27324, 1.0)
(8721, 10478, 1.0)
(2522, 13572, 1.0)
(15723, 20603, 1.0)
(24199, 25292, 1.0)
(2295, 6671, 1.0)
(24373, 25727, 1.0)
(1312, 5719, 1.0)
(1049, 11872, 1.0)
(1152, 25862, 1.0)
(795, 14691, 1.0)
(4531, 17821, 1.0)
(17111, 24347, 1.0)
(13989, 19625, 1.0)
(1080, 2391, 1.0)
(9930, 25021, 1.0)
(4460, 11809, 1.0)
(13373, 19303, 1.0)
(9279, 22342, 1.0)
(7838, 9972, 1.0)
(987, 4714, 1.0)
(9336, 26769, 1.0)
(144, 23111, 1.0)
(22026, 26764, 1.0)
(1495, 8996, 1.0)
(5254, 23737, 1.0)
(1221, 6410, 1.0)
(9200, 25364, 1.0)
(1282, 20365, 1.0)
(1914, 6541, 1.0)
(9466, 28023, 1.0)
(12469, 12914, 1.0)
(5539, 8047, 1.0)
(3787, 4807, 1.0)
(22971, 23614, 1.0)
(2908, 25604, 1.0)
(17085, 24687, 1.0)
(12844, 25181, 1.0)
(8495, 27191, 1.0)
(22127, 24191, 1.0)
(4183, 12743, 1.0)
(21766, 28065, 1.0)
(5417, 27253, 1.0)
(17490, 22886, 1.0)
(12051, 25910, 1.0)
(12919, 16698, 1.0)
(21821, 25333, 1.0)
(19136, 27512, 1.0)
(14260, 22381, 1.0)
(12083, 14642, 1.0)
(14550, 19045, 1.0)
(13304, 17399, 1.0)
(2302, 25169, 1.0)
(2383, 5131, 1.0)
(14842, 18049, 1.0)
(2534, 26563, 1.0)
(16400, 26618, 1.0)
(5050, 14844, 1.0)
(14095, 27045, 1.0)
(14281, 23905, 1.0)
(4988, 27779, 1.0)
(23203, 26321, 1.0)
(2008, 22709, 1.0)
(15347, 17864, 1.0)
(1481, 4146, 1.0)
(10382, 18554, 1.0)
(2478, 21708, 1.0)
(4737, 12952, 1.0)
(16647, 27654, 1.0)
(1379, 14207, 1.0)
(6168, 13234, 1.0)
(18809, 22627, 1.0)
(11036, 11483, 1.0)
(5378, 19940, 1.0)
(51, 27662, 1.0)
(2591, 9131, 1.0)
(2431, 15958, 1.0)
(4491, 21421, 1.0)
(15295, 27950, 1.0)
(17579, 22042, 1.0)
(8300, 22172, 1.0)
(20005, 26753, 1.0)
(6109, 26511, 1.0)
(2876, 9089, 1.0)
(7089, 21556, 1.0)
(27036, 27850, 1.0)
(6769, 11068, 1.0)
(10604, 15981, 1.0)
(4746, 14496, 1.0)
(2335, 15181, 1.0)
(19421, 27592, 1.0)
(2551, 21574, 1.0)
(4528, 9898, 1.0)
(4115, 4373, 1.0)
(2492, 16122, 1.0)
(15774, 19429, 1.0)
(1322, 21989, 1.0)
(12260, 22236, 1.0)
(6954, 21080, 1.0)
(11749, 28408, 1.0)
(7419, 23542, 1.0)
(11281, 18103, 1.0)
(7674, 26225, 1.0)
(14660, 21322, 1.0)
(2821, 23078, 1.0)
(1260, 25677, 1.0)
(3829, 9257, 1.0)
(8109, 16409, 1.0)
(9731, 17738, 1.0)
(12256, 25782, 1.0)
(10481, 11782, 1.0)
(7561, 23638, 1.0)
(1079, 27390, 1.0)
(17423, 23145, 1.0)
(9667, 17256, 1.0)
(27004, 27718, 1.0)
(11244, 21164, 1.0)
(7588, 24256, 0.9313304721030042)
(8668, 27753, 0.9277301927194861)
(9475, 25418, 0.9009308510638298)
(4108, 14483, 0.8657062001543607)
(13, 4108, 0.8584710743801653)
(9420, 18044, 0.8231323424417473)
(5668, 9261, 0.8108359133126934)
(4196, 10501, 0.8073261589403974)
(18932, 27753, 0.80725)
(13, 14483, 0.805806294218102)
(7090, 22651, 0.8056918547595682)
(8668, 18932, 0.8005464480874317)
(18767, 27753, 0.7931034482758621)
(4196, 20363, 0.7901157981803143)
(8668, 18767, 0.7886178861788617)
(18767, 18932, 0.7778616352201257)
(12569, 18894, 0.7749292492092559)
(10501, 20363, 0.7742270180535381)
(19074, 20395, 0.7707018550392044)
(2596, 12569, 0.7651275212535422)
(4454, 22003, 0.7645940809122997)
(5668, 22993, 0.7621171573000297)
(18676, 21587, 0.7620007328691829)
(7689, 24829, 0.7588373919874313)
(7090, 27753, 0.7495826377295493)
(7090, 8668, 0.7472684085510689)
(5784, 24321, 0.7430167597765364)
(7090, 16362, 0.7423590672402083)
(7090, 18609, 0.7367935409457901)
(7090, 18767, 0.7349455864570738)
(16362, 22651, 0.7309540150995195)
(22651, 27753, 0.7301320528211285)
(8668, 22651, 0.7295356629966491)
(2301, 18676, 0.7254833040421793)
(21276, 27725, 0.7251839615557891)
(7090, 18932, 0.725)
(16370, 26835, 0.7247263958449267)
(8749, 16362, 0.7234573502722323)
(2301, 21587, 0.7233889786393826)
(16362, 18932, 0.7232061762034514)
(7689, 24288, 0.7191848906560636)
(18609, 22651, 0.7175023212627669)
(8749, 18767, 0.7139050387596899)
(11669, 20395, 0.7138186198588883)
(18938, 24161, 0.7138057422113623)
(9261, 22993, 0.7131893121091529)
(5853, 15073, 0.7123404255319149)
(16362, 27753, 0.7094288304623754)
(24288, 24829, 0.7058962264150943)
(16392, 20645, 0.7047394760082426)
(8668, 16362, 0.7039206849932402)
(18932, 22651, 0.7005861664712778)
(18767, 22651, 0.6998069498069498)
(11911, 12968, 0.6963667820069204)
(16362, 18767, 0.6953824948311509)
(14690, 16179, 0.6951039570757881)
(26705, 28439, 0.6919092367636948)
(23848, 25154, 0.6881501582994121)
(644, 2453, 0.6876488601565158)
(4161, 22668, 0.6876363636363636)
(18609, 18767, 0.6852803738317756)
(8668, 8749, 0.6845403899721448)
(2266, 4214, 0.6827530034616168)
(12968, 23278, 0.6807138249838744)
(1318, 27392, 0.6802869619463506)
(2596, 18894, 0.6796936063779897)
(7090, 8749, 0.6774852473899229)
(8749, 18609, 0.6772009029345373)
(8749, 27753, 0.6763956451239287)
(5668, 7689, 0.6763245033112583)
(15089, 16943, 0.6734746639089969)
(6999, 9417, 0.6734177215189874)
(8749, 22651, 0.6715009208103131)
(8749, 18932, 0.6710254645560908)
(13297, 22668, 0.6694464158977999)
(23278, 24093, 0.6687758578729618)
(1318, 15509, 0.6661617691608603)
(18609, 27753, 0.6632837167343256)
(11911, 23278, 0.6613425925925925)
(8668, 18609, 0.6606781944756344)
(2596, 11669, 0.6598768356229275)
(12968, 24093, 0.6579991185544293)
(11669, 19074, 0.6561427590940289)
(16362, 18609, 0.6541916167664671)
(2433, 4764, 0.6534544453619598)
(4161, 13297, 0.6508620689655172)
(2596, 20395, 0.6485826001955034)
(7194, 9377, 0.6481398476019722)
(7689, 9261, 0.6447403462050599)
(10227, 18507, 0.6420549581839904)
(15509, 27392, 0.6416889681831698)
(5516, 16943, 0.6329231483631298)
(3927, 24321, 0.6274149034038639)
(20731, 21778, 0.626194067370538)
(5171, 24829, 0.6254472271914132)
(18609, 18932, 0.6251368513247209)
(14210, 27392, 0.6238108965119631)
(12569, 20395, 0.6213247172859451)
(5171, 24288, 0.620039037085231)
(1127, 25406, 0.6192072716435703)
(11911, 24093, 0.6190028222013171)
(5171, 7689, 0.6183383756108913)
(16557, 18966, 0.6147635524798154)
(5030, 13154, 0.6140687729097574)
(1318, 14210, 0.6126436781609196)
(5668, 24829, 0.6107890093269474)
(11669, 12569, 0.6066861808658142)
(15610, 19682, 0.6042459290823314)
(11543, 11886, 0.6029449098756029)
(2596, 19074, 0.6027442012414244)
(24215, 24929, 0.6008592071860964)
(6321, 18923, 0.5990415335463258)
(19966, 21246, 0.5983654407472271)
(14210, 15509, 0.5983310152990264)
(2279, 22634, 0.5963331261653201)
(12569, 19074, 0.5943952802359882)
(5334, 23805, 0.593641260307927)
(5668, 24288, 0.5920289855072464)
(4188, 18818, 0.5916423712342079)
(13368, 14311, 0.5884158821121572)
(13368, 22812, 0.5884158821121572)
(14210, 20622, 0.5851869958445368)
(9261, 24829, 0.5851037851037851)
(22064, 26224, 0.5807194244604317)
(6999, 16179, 0.5806738715829625)
(3927, 5784, 0.5786052009456265)
(9417, 16179, 0.5782751643904906)
(11525, 23666, 0.5750968004890972)
(6999, 14690, 0.5742231026371177)
(11624, 17528, 0.5695665353137315)
(20121, 26982, 0.5652252252252252)
(13661, 15183, 0.5645320197044335)
(9417, 14690, 0.5642156862745098)
(5171, 5668, 0.5640783573282984)
(15959, 17473, 0.5629710840071263)
(9261, 24288, 0.5628211116300794)
(6179, 27248, 0.5627578078962876)
(1907, 20705, 0.5612737214538437)
(5793, 9384, 0.5612592172433353)
(4454, 25847, 0.553478712357217)
(16718, 16852, 0.5515796260477112)
(14615, 16989, 0.5493949792306303)
(878, 16557, 0.5491408934707904)
(18120, 22125, 0.5486515641855447)
(22003, 25847, 0.5472903885480572)
(1881, 5761, 0.5459706281624089)
(27006, 27355, 0.5459183673469388)
(12702, 25154, 0.5458980845681243)
(5171, 9261, 0.5452457510335323)
(6810, 19840, 0.5416885159937074)
(12551, 25913, 0.5415946205571566)
(19083, 26157, 0.541042849767682)
(10653, 17396, 0.540991286423686)
(19615, 19621, 0.538401559454191)
(22695, 27896, 0.5376006036217303)
(17302, 20622, 0.5374737333644641)
(20622, 27392, 0.535819430814524)
(15722, 24342, 0.5355712378409307)
(9655, 17473, 0.5340293890177881)
(7252, 17699, 0.5295774647887324)
(6278, 21786, 0.5294590790267444)
(12280, 22570, 0.5287745186251575)
(10661, 24044, 0.5285879295408605)
(12702, 23848, 0.5278505325650428)
(7016, 28219, 0.5263596582621379)
(16273, 16614, 0.5257626249679569)
(16273, 22404, 0.5254102699841185)
(4222, 26223, 0.5228093947606143)
(7500, 19760, 0.5222849968612681)
(1318, 20622, 0.5213362594489149)
(25578, 25618, 0.5173179844491568)
(5922, 11751, 0.5143500281373101)
(13835, 16614, 0.5125801677355698)
(1610, 19792, 0.5096434833430742)
(1329, 9584, 0.509497837126199)
(15509, 20622, 0.5094741828517291)
(11401, 12385, 0.5088726317764022)
(15863, 23969, 0.5076981804300802)
(2376, 14363, 0.5060188224994528)
(16614, 22404, 0.5049726504226753)
(1874, 5884, 0.5044231478068559)
(24411, 25154, 0.5029801324503311)
(13967, 15716, 0.5019806037426581)
(4828, 15570, 0.501105379513633)
(190, 14863, 0.5006346788525007)
(3884, 15764, 0.49932756964457253)
(11019, 22633, 0.4979296066252588)
(8586, 25916, 0.49352313167259787)
(13363, 21786, 0.49349794238683126)
(1575, 11035, 0.4927902482533076)
(10010, 18449, 0.49233844103930713)
(12129, 26717, 0.4921217060581364)
(15716, 17148, 0.4899937849596022)
(4499, 23159, 0.48942598187311176)
(1601, 14670, 0.4885340846834155)
(11525, 12794, 0.4870265914585012)
(15620, 27442, 0.48671480144404333)
(5271, 24390, 0.48606621822311524)
(20415, 25578, 0.4852529246992915)
(3074, 4191, 0.48288053591365837)
(15982, 27320, 0.4827790973871734)
(2470, 6102, 0.48251904975347376)
(9124, 16022, 0.4810918774966711)
(8049, 24933, 0.4790924898567525)
(12794, 23666, 0.4780709124516888)
(15123, 17473, 0.47763827621309807)
(1550, 7197, 0.47621592731159806)
(15583, 16326, 0.4752765126870527)
(5710, 17735, 0.47377938517179025)
(1510, 27846, 0.4734171375850536)
(22145, 24933, 0.4729233414081425)
(7213, 17046, 0.4728434504792332)
(8925, 11281, 0.47036995389632297)
(8925, 18103, 0.47036995389632297)
(11525, 26876, 0.46787479406919275)
(10765, 15803, 0.46763989127378386)
(18535, 25090, 0.46683294417321164)
(10653, 12541, 0.4662004662004662)
(23666, 26876, 0.4661940169462217)
(6054, 16989, 0.4660831509846827)
(7662, 10324, 0.4632842952345027)
(17699, 23244, 0.46223736513344693)
(17049, 22386, 0.4616378614117267)
(6458, 22326, 0.4614756329975497)
(6278, 13363, 0.4610203738003031)
(3748, 14250, 0.45991172013966664)
(7252, 23244, 0.4594224924012158)
(9305, 20757, 0.45613695090439277)
(3696, 28219, 0.45242265032107415)
(18584, 23920, 0.44941763727121464)
(20782, 24722, 0.44914564686737185)
(18578, 22714, 0.44756554307116103)
(1308, 15028, 0.44586190400255143)
(3435, 9192, 0.4437300461156439)
(20415, 25618, 0.4433804268475974)
(721, 19792, 0.44275512554710894)
(3696, 7016, 0.4421537229783827)
(1308, 2618, 0.4421109316101239)
(6400, 8037, 0.44090942107939274)
(13154, 22443, 0.4405780005897965)
(3323, 7560, 0.44006705783738476)
(2404, 16991, 0.43998150906569417)
(7295, 17148, 0.4394588930170525)
(4214, 7252, 0.43884892086330934)
(3298, 10144, 0.43680719607486823)
(10377, 22534, 0.43675649429473173)
(4284, 6102, 0.43022475679302247)
(5486, 7880, 0.42945163277880466)
(12541, 17396, 0.4292610471593019)
(12811, 15864, 0.4283727399165508)
(13087, 18947, 0.42629205688518906)
(3159, 5004, 0.42554654200467484)
(24226, 25445, 0.42483660130718953)
(13087, 20758, 0.4246575342465753)
(3702, 21942, 0.42147117296222664)
(16556, 25415, 0.41827822832189643)
(2937, 3341, 0.418133129303749)
(2266, 7252, 0.4160079051383399)
(19095, 24722, 0.41537400896242677)
(13782, 14902, 0.4153443766346992)
(11035, 19232, 0.4148359099538921)
(1575, 19232, 0.4130011135857461)
(3767, 8900, 0.4124126813541107)
(12918, 18339, 0.41198994854612897)
(7016, 7493, 0.41177570093457944)
(7493, 28219, 0.4113821138211382)
(12794, 26876, 0.4101766784452297)
(26257, 26903, 0.4083737554250702)
(8965, 16119, 0.40401669274908714)
(7493, 13860, 0.4039768864717879)
(4046, 21555, 0.4027809965237543)
(3027, 28384, 0.39866336261920854)
(12673, 21528, 0.398536773199846)
(18507, 25202, 0.39823442864149095)
(6462, 13835, 0.3981368975293641)
(2174, 11290, 0.3972602739726027)
(1649, 7511, 0.3971559167089893)
(8687, 21326, 0.39653361344537813)
(7213, 9205, 0.39613095238095236)
(10144, 16230, 0.3961094164124619)
(2618, 15028, 0.394975010131028)
(23132, 23446, 0.39447983014862)
(11159, 17146, 0.39388379204892965)
(12677, 23132, 0.3897646296696178)
(11911, 11991, 0.38955408753096615)
(20144, 25725, 0.3893476465730801)
(19581, 22938, 0.3852945653828589)
(5019, 13859, 0.3847305389221557)
(7213, 15312, 0.3836866902237927)
(5958, 9384, 0.38288834951456313)
(18441, 26084, 0.3823833686388492)
(15342, 21570, 0.38131367873401256)
(2294, 3537, 0.3812982296867907)
(14739, 23789, 0.3792933036817396)
(16582, 27434, 0.3782370517928287)
(15028, 22114, 0.3781829613329142)
(11991, 24093, 0.3775247099269446)
(21506, 23544, 0.3767160058286678)
(11972, 23334, 0.3750337018064168)
(5085, 16582, 0.37468700204871386)
(9655, 15123, 0.37418597829275446)
(5810, 8764, 0.37332339791356184)
(11509, 14555, 0.37037962037962036)
(15981, 25519, 0.37012674474570834)
(10604, 25519, 0.37012674474570834)
(21427, 28171, 0.3687014428412875)
(2508, 25950, 0.36836111398695515)
(7317, 20637, 0.3648243359040274)
(7213, 27059, 0.3642365887207703)
(1308, 22114, 0.3638801966919982)
(4569, 23295, 0.3635588402501421)
(5030, 20705, 0.3625243258270781)
(4773, 11159, 0.36184062850729515)
(7213, 10606, 0.3612239371784457)
(3415, 11751, 0.3609234715690466)
(23334, 28522, 0.3607612650433809)
(12912, 16852, 0.36060254924681345)
(20164, 27574, 0.3602428603552957)
(6857, 23213, 0.36007512744834985)
(17257, 20822, 0.3596881959910913)
(3635, 17716, 0.3573469387755102)
(3580, 8965, 0.3572834645669291)
(23334, 27434, 0.3542014468558709)
(12677, 23446, 0.35257061572851045)
(3582, 9304, 0.3523866230028778)
(7112, 27355, 0.35206470838654746)
(9205, 15312, 0.35106663155122464)
(5091, 24997, 0.3500929176130498)
(1396, 5040, 0.3498104624715694)
(12428, 27096, 0.3489790130459444)
(8762, 8965, 0.34844589857443325)
(13967, 17148, 0.34723503721473825)
(4882, 11608, 0.3472137170851194)
(18675, 21850, 0.34703720716582453)
(11917, 19792, 0.347010550996483)
(8764, 11290, 0.3468314488561662)
(3415, 5922, 0.3467277043065446)
(12673, 15674, 0.34635691657866946)
(19957, 22054, 0.34413656605640774)
(16119, 17257, 0.34397250184139455)
(6857, 23334, 0.34395750332005315)
(16557, 25467, 0.3437914806323157)
(1575, 6412, 0.3431836546231098)
(12969, 23334, 0.3431248417320841)
(2350, 22626, 0.34194197551568)
(22213, 26502, 0.341809681281715)
(15674, 21528, 0.3382864369269681)
(3580, 20822, 0.3379508625196027)
(4705, 6857, 0.33548850574712646)
(4178, 15518, 0.3353881278538813)
(2376, 27516, 0.3345714678772871)
(16230, 24761, 0.33370452858203414)
(17257, 21850, 0.33300024981264054)
(3786, 13929, 0.332902033271719)
(4705, 23213, 0.3324930678094278)
(23213, 27434, 0.3315128345166576)
(27059, 27273, 0.3309794988610478)
(4705, 27434, 0.33069698467622344)
(8655, 27006, 0.3298793952777306)
(9745, 23213, 0.3297743266197525)
(2618, 22114, 0.3297152343251181)
(12737, 23407, 0.3295876583182554)
(20822, 21850, 0.3293117630929531)
(2984, 17255, 0.3287731685789938)
(5061, 5083, 0.3251871733295663)
(11972, 27434, 0.3249363867684478)
(12562, 15842, 0.3247470962907456)
(6857, 28522, 0.3246086733384655)
(4705, 9745, 0.32360742705570295)
(3240, 5638, 0.3222327441077441)
(1639, 18201, 0.32209737827715357)
(14363, 27516, 0.3219487694625816)
(20998, 24362, 0.3215630885122411)
(9745, 23334, 0.3205406710113444)
(4705, 23334, 0.3202401801351013)
(15312, 27059, 0.32012717045732453)
(254, 15790, 0.3200600184672207)
(647, 11799, 0.31977715877437324)
(18966, 25467, 0.31945137157107234)
(7870, 19026, 0.31874466268146884)
(3663, 21770, 0.3173093256327501)
(23334, 25934, 0.31719490890940855)
(721, 11917, 0.3167526201963068)
(6857, 9745, 0.3166780743782797)
(5810, 11290, 0.3166363872307293)
(13005, 27819, 0.3165613882233355)
(14605, 16052, 0.31501256281407036)
(982, 25876, 0.31446044584730715)
(1904, 8368, 0.31442843249933694)
(9205, 27059, 0.3136729222520107)
(16582, 23334, 0.31364956437560504)
(7213, 11940, 0.3129988597491448)
(23048, 26079, 0.31205719438361457)
(10994, 20800, 0.3115130847357106)
(3702, 23197, 0.31132225871249564)
(14555, 27802, 0.31027485703744695)
(18730, 21013, 0.30892491149618034)
(5061, 27408, 0.3088762701733413)
(15440, 19859, 0.30876002467612584)
(5954, 7750, 0.3084070796460177)
(9205, 11940, 0.3066147859922179)
(12969, 28522, 0.30642822619623006)
(4705, 11972, 0.30597535456870495)
(1881, 3415, 0.3052760274616759)
(14055, 17118, 0.3043162379049569)
(17118, 22779, 0.3043162379049569)
(15243, 19768, 0.3038177735001604)
(3580, 21850, 0.3034627983153954)
(407, 13440, 0.30314344212935085)
(19095, 20782, 0.3016304347826087)
(20085, 22511, 0.30001829156758736)
(14437, 24161, 0.2986078886310905)
(24362, 26853, 0.29748767316271424)
(11972, 16582, 0.29676258992805754)
(11151, 26740, 0.29652924814215137)
(6857, 20458, 0.29647869982762864)
(9434, 26705, 0.2960715709287391)
(3580, 17257, 0.29521829521829523)
(13739, 21996, 0.294973544973545)
(4705, 16582, 0.29464285714285715)
(13022, 19498, 0.29441396060088154)
(9745, 11965, 0.2934848792368581)
(9745, 25934, 0.29296200345423146)
(9745, 13739, 0.2928300201027474)
(16923, 17253, 0.2913018806744488)
(1127, 19802, 0.290378624490774)
(20458, 23213, 0.2899377593360996)
(12969, 16582, 0.28929188255613125)
(7870, 11298, 0.2883046237533998)
(1060, 7750, 0.2879480394515275)
(1516, 13739, 0.28747974068071314)
(11940, 15312, 0.2873181934166879)
(4705, 20458, 0.2871566095327542)
(11889, 17653, 0.2860755727462065)
(5085, 25513, 0.286039768019884)
(9001, 26922, 0.2855309592556946)
(1881, 11751, 0.2853636363636364)
(6857, 12969, 0.2850263700986012)
(7332, 9648, 0.2845940959409594)
(19211, 20405, 0.28425965210012727)
(16518, 27491, 0.28373924189708843)
(26798, 27777, 0.2831872946330778)
(5954, 15535, 0.2828113793927803)
(1881, 5922, 0.28240319941828756)
(12962, 20253, 0.28155537459283386)
(14437, 18938, 0.28139199822675387)
(10069, 27574, 0.28077113198220466)
(9959, 11087, 0.2802534750613246)
(8956, 26798, 0.2798401649909771)
(19957, 27974, 0.27967901817323576)
(5085, 10105, 0.27931428571428574)
(14033, 26139, 0.27918209628079216)
(11509, 27802, 0.27907410864289717)
(10059, 12118, 0.2789463710441539)
(7665, 10127, 0.27861622892983146)
(2564, 14858, 0.2781919850885368)
(20040, 22202, 0.2781859729302162)
(20800, 28524, 0.27812297734627833)
(17297, 22878, 0.2774661549491797)
(12646, 16518, 0.2766172816784761)
(2508, 6103, 0.2763288447909284)
(13005, 25469, 0.2760681412281907)
(18159, 25740, 0.2756940174443761)
(26853, 27434, 0.27566539923954375)
(20727, 26826, 0.27526652452025585)
(18081, 19632, 0.2751636408546375)
(7750, 15535, 0.27470613844144537)
(15308, 21996, 0.2745219000616903)
(11940, 27059, 0.27432140283449435)
(4705, 26853, 0.274090407938258)
(18737, 25291, 0.27304466107458625)
(23334, 26853, 0.27230955259975814)
(11147, 21961, 0.2716049382716049)
(6857, 20253, 0.2706796890572055)
(4569, 5954, 0.2705)
(17822, 17969, 0.2704899525852337)
(1060, 9001, 0.2703562340966921)
(6257, 17648, 0.26945270152124495)
(25513, 28452, 0.26919552867876123)
(4569, 15535, 0.26900732508209146)
(8956, 27777, 0.26897419072615925)
(20253, 23213, 0.26882168925964545)
(11972, 26853, 0.26862967157417894)
(3655, 21191, 0.26839930058814176)
(8762, 21667, 0.2677149275066367)
(1516, 9745, 0.2659913712249109)
(5961, 16582, 0.2658574784651527)
(15699, 20134, 0.2657173733392664)
(13887, 22703, 0.2656930867977859)
(11298, 20164, 0.265668449197861)
(5761, 12562, 0.2651143099068586)
(4327, 5302, 0.26489675516224187)
(21770, 24456, 0.26481276662979936)
(11608, 23295, 0.26461870115871733)
(10105, 25513, 0.2641632298675928)
(20405, 27059, 0.2639257294429708)
(8431, 10572, 0.26314112774769033)
(5085, 5961, 0.2631060307449744)
(9303, 14925, 0.2611628021464087)
(9745, 20458, 0.26105309931126414)
(3663, 24456, 0.2609197296851821)
(20727, 20998, 0.2606587189331178)
(5954, 23295, 0.2601765571358509)
(11940, 17716, 0.26011690647482016)
(7213, 14585, 0.25995316159250587)
(2763, 4284, 0.2599218102120602)
(12106, 12681, 0.25919198246163483)
(5276, 18577, 0.2588855582914035)
(1302, 3105, 0.2587108714894987)
(6806, 12292, 0.25816358508304604)
(15535, 23295, 0.25798464966575885)
(10010, 18634, 0.25742015573863)
(4569, 7750, 0.2572202166064982)
(5761, 5922, 0.2569402404220358)
(11801, 14454, 0.255860150973381)
(5085, 12118, 0.25517111696126366)
(16582, 26853, 0.2550804403048264)
(13385, 18857, 0.25469343021249824)
(19862, 27169, 0.25459737292975443)
(11972, 15953, 0.25419720974225585)
(11298, 19026, 0.2540389972144847)
(5085, 11102, 0.2538836076976582)
(7750, 23295, 0.2533956802493877)
(15492, 22147, 0.2532188841201717)
(12428, 23634, 0.25290124808408143)
(8992, 20325, 0.25279425969366637)
(10774, 16771, 0.25249272723235106)
(872, 14049, 0.2507920415663414)
(14049, 26703, 0.2507920415663414)
(2802, 15028, 0.25060332782928996)
(6843, 17969, 0.24942117448958115)
(4499, 24718, 0.24824734855293906)
(5954, 9001, 0.24801315428884627)
(12664, 24781, 0.24784394250513347)
(1354, 21099, 0.24673768308921437)
(1659, 22888, 0.24647887323943662)
(4161, 4602, 0.24455271349303018)
(5192, 19557, 0.24434896319820662)
(11964, 22715, 0.24404875261854886)
(12431, 26764, 0.24350992599553622)
(12431, 22026, 0.24350992599553622)
(11102, 12118, 0.24332586101487672)
(7750, 25934, 0.24185667752442996)
(5785, 12912, 0.24128335243083973)
(18005, 23697, 0.24120277745086502)
(1308, 14081, 0.2409085559609274)
(7750, 9001, 0.24083640836408365)
(4008, 5497, 0.24056490094953487)
(9496, 27335, 0.24040253447633247)
(14585, 15312, 0.2402536402066698)
(12829, 19180, 0.23988896006833227)
(13930, 15028, 0.23764990648036088)
(17357, 23179, 0.23750743604997027)
(5446, 5961, 0.23705021747726374)
(5070, 20800, 0.23659226658283558)
(7683, 14280, 0.23656260057933698)
(5954, 26922, 0.23656186612576066)
(4302, 18382, 0.236394200462282)
(4602, 13297, 0.23548900079512325)
(20253, 20458, 0.23500491642084562)
(9745, 15312, 0.23499890901156448)
(1366, 9517, 0.23499562554680664)
(1283, 21479, 0.23497370398196846)
(5533, 18679, 0.23477956613016096)
(24781, 27096, 0.23438363736871198)
(4602, 22668, 0.23411234112341123)
(2618, 2802, 0.2339991408934708)
(7746, 16392, 0.23390005151983514)
(529, 7311, 0.23360284380009758)
(9205, 14585, 0.23345029239766082)
(21758, 26063, 0.23339418860584552)
(7435, 19875, 0.23328623651573258)
(1481, 27974, 0.2327127659574468)
(4146, 27974, 0.2327127659574468)
(12681, 25417, 0.23228099519130252)
(13118, 25850, 0.23134831460674157)
(1308, 13930, 0.23098084858745108)
(9243, 22776, 0.23075219278816336)
(3346, 28418, 0.23056281336063839)
(16164, 21667, 0.23009181187933295)
(13643, 20802, 0.2300671603237472)
(27366, 28524, 0.22955575702629194)
(14198, 25417, 0.2291395856957159)
(7746, 20645, 0.22894221351616062)
(4387, 27953, 0.2289078883690918)
(11940, 14585, 0.2285105375325598)
(12957, 19768, 0.22797173732335826)
(4428, 19760, 0.22789086184495452)
(2618, 13930, 0.22788305875630893)
(20537, 22584, 0.2272877834322021)
(1718, 25712, 0.22696172454266983)
(1718, 27668, 0.22696172454266983)
(10083, 19633, 0.22692109334708613)
(13930, 22114, 0.2264661328716728)
(12235, 22029, 0.22641678355068787)
(11298, 23733, 0.2262490292518768)
(8323, 25513, 0.2262416894798592)
(10934, 22228, 0.2262206254785323)
(4605, 24209, 0.22586853033525778)
(5818, 19747, 0.2253874933190807)
(14060, 26810, 0.22496633450040399)
(9745, 27059, 0.22491206290088972)
(24413, 28277, 0.2249051009635902)
(9745, 11940, 0.2245930488341399)
(1308, 25725, 0.22395833333333334)
(4240, 12928, 0.22350993377483444)
(7213, 9745, 0.2232895970009372)
(1396, 4214, 0.2231826555193425)
(14585, 27059, 0.22183020948180815)
(1341, 26787, 0.22137868205283937)
(23271, 24251, 0.22136556954599737)
(11277, 16424, 0.2213089955627269)
(11394, 16035, 0.22073723503532863)
(4501, 11013, 0.22041420118343194)
(22550, 25522, 0.22020746549048437)
(6069, 21357, 0.21999512823189615)
(7683, 8474, 0.2186727122835944)
(8323, 28452, 0.21863734679163663)
(6843, 7748, 0.21854440789473684)
(1481, 19957, 0.2179334916864608)
(4146, 19957, 0.2179334916864608)
(9205, 9745, 0.2178409825468649)
(12748, 26858, 0.21774882731640618)
(12106, 25417, 0.21772798061948434)
(26063, 26812, 0.21716451902026182)
(14585, 23213, 0.21713194941541397)
(6815, 27677, 0.21708768165415002)
(4882, 24366, 0.21697482735575851)
(7213, 11965, 0.21672661870503598)
(1308, 25950, 0.2152243400023677)
(1396, 2266, 0.215016146393972)
(10826, 19144, 0.215)
(12431, 19464, 0.21433223469971777)
(11965, 27059, 0.21394517282479142)
(8947, 26340, 0.2130178896725676)
(2778, 18633, 0.21289875173370318)
(6046, 14780, 0.2127126467097455)
(11965, 15312, 0.21264248704663213)
(897, 28257, 0.21247532026263832)
(11940, 11965, 0.21246578226995158)
(17105, 27392, 0.21242443193662705)
(19464, 22026, 0.21191250429197553)
(19464, 26764, 0.21191250429197553)
(6069, 7323, 0.21190139940942354)
(13927, 25901, 0.21168666740063855)
(6857, 14585, 0.21114106019766396)
(23634, 27096, 0.2110910031023785)
(25390, 25525, 0.21088137778596427)
(14081, 25950, 0.2107675906183369)
(22162, 23894, 0.2102445976401962)
(4192, 14471, 0.20997839324297782)
(7811, 22784, 0.20963448346472816)
(15735, 28327, 0.2096081960404264)
(20384, 28430, 0.2095683393170243)
(26340, 26858, 0.2084402349838149)
(8947, 26858, 0.20814966132673907)
(21829, 23895, 0.20804367296455836)
(21758, 26812, 0.20789032352605957)
(8947, 16731, 0.20737642113110646)
(13420, 16956, 0.20597524541186513)
(14454, 25659, 0.20581029917596694)
(9745, 14585, 0.205442459493145)
(64, 23809, 0.20537618409958835)
(3437, 24398, 0.2051192649260619)
(3437, 21904, 0.2051192649260619)
(6517, 14160, 0.20499807766243752)
(14338, 27311, 0.20476111203595804)
(9216, 23298, 0.20459928183971274)
(11002, 25988, 0.20455789564666224)
(11698, 12748, 0.2044873888237893)
(9205, 11965, 0.20424567188788129)
(9952, 12431, 0.20383980256591722)
(14585, 20253, 0.2036445613375916)
(9308, 15849, 0.20343692870201097)
(5122, 20384, 0.2034170713811537)
(1813, 27781, 0.20273756628923606)
(12495, 24190, 0.20269333425768657)
(10371, 12510, 0.20250382006809103)
(96, 5638, 0.20236401444675495)
(5352, 25799, 0.20219420008696526)
(13829, 17594, 0.2019992059228811)
(12288, 20104, 0.2017811108507148)
(4188, 10604, 0.2015675835551612)
(4188, 15981, 0.2015675835551612)
(11801, 25659, 0.20136018456214552)
(23329, 27167, 0.20077479543028817)
(14631, 22473, 0.20050475635798873)
(8359, 28255, 0.1997723392145703)
(14081, 25725, 0.19971671388101983)
(178, 20023, 0.19960314543984714)
(6815, 23197, 0.19959689986909634)
(2908, 7811, 0.19959128065395096)
(7811, 25604, 0.19959128065395096)
(8368, 20406, 0.19927276206880054)
(1718, 19122, 0.19915071070765633)
(11801, 12431, 0.19912494505933592)
(8136, 14387, 0.19889040416563353)
(7770, 27769, 0.1987852395140958)
(5898, 28054, 0.19875834822688365)
(18797, 26916, 0.19867880141624883)
(12495, 16265, 0.19854829252512182)
(5898, 27662, 0.19854707364227547)
(51, 5898, 0.19854707364227547)
(2659, 26033, 0.19839257522843612)
(27677, 27769, 0.1983761613794258)
(172, 24939, 0.1983739837398374)
(1385, 20991, 0.19818803539323862)
(8891, 19211, 0.19801223241590213)
(9117, 15115, 0.19780414379316452)
(18604, 26167, 0.1976193670813287)
(19122, 27668, 0.19753188899034338)
(19122, 25712, 0.19753188899034338)
(11965, 14585, 0.1968849840255591)
(13694, 27769, 0.19687037037037036)
(5146, 26892, 0.19670906937219962)
(24413, 28257, 0.19620791237470095)
(5898, 16236, 0.19593747074791726)
(5937, 19951, 0.19570824306200352)
(11698, 26858, 0.19567317412890617)
(3439, 12609, 0.19564633163128192)
(6241, 27360, 0.1956332068228417)
(9907, 12748, 0.19529553906854694)
(4843, 6815, 0.1949545113095735)
(11801, 26764, 0.19492165955099788)
(11801, 22026, 0.19492165955099788)
(9907, 11698, 0.19477559207677053)
(3136, 11488, 0.19477480160840796)
(11251, 18789, 0.19432741171871606)
(15176, 19308, 0.19403630077787382)
(6815, 7770, 0.19390046151927154)
(12431, 14454, 0.19378301503453882)
(11002, 27769, 0.1937146297411198)
(28389, 28430, 0.19370853653178682)
(14454, 26764, 0.19357664233576644)
(14454, 22026, 0.19357664233576644)
(9399, 19549, 0.1934974363958885)
(5641, 14631, 0.1933507432703897)
(9368, 19333, 0.19293358404717134)
(25988, 27769, 0.1927796011108306)
(5768, 14424, 0.19271181583723374)
(18242, 23601, 0.19266349393080584)
(3717, 17134, 0.19253845584059653)
(18418, 20379, 0.1923126037543098)
(2398, 17972, 0.1922573966109083)
(16840, 19420, 0.19225266567687946)
(2937, 18932, 0.19218178316965145)
(5197, 22472, 0.19217064943702789)
(14454, 19464, 0.1917808219178082)
(18797, 21780, 0.19177041907312298)
(5629, 15249, 0.1917429380391124)
(8179, 23456, 0.1917085479532042)
(16956, 17494, 0.19164788379664413)
(7587, 28454, 0.19158991759573438)
(10371, 24413, 0.19153767726387988)
(26326, 28257, 0.19145721156915743)
(13385, 25602, 0.19136563514568694)
(4064, 17494, 0.1911972185830898)
