20525 26691
22931 28306
10579 15460
5900 16317
413 4304
4795 15092
11319 13730
12080 17345
20468 28095
10900 21743
18743 20530
15329 17033
2619 3981
11489 24142
4977 10507
2175 26248
10533 21025
303 23403
3822 28592
2573 22256
4134 14193
14055 22779
18297 26727
9299 11981
4908 22115
367 20678
12736 13731
6567 13526
4334 6162
872 26703
21586 22110
2601 24803
9670 25082
13838 15050
1364 8482
4154 16945
13211 17734
10732 22207
21717 26220
20531 22465
8635 26370
22192 23587
5330 13757
2252 4719
5200 7123
1296 27682
443 13027
458 12759
19439 22885
19218 25518
5330 24471
7553 21990
153 25293
26454 26592
3399 3647
77 10612
15385 27971
2046 20965
21904 24398
13492 27522
11037 27079
15904 19775
17900 19170
2437 17269
632 13994
7983 21671
5041 16196
2795 12373
13464 23452
14311 22812
8707 20481
16915 20683
4310 22798
468 1885
8003 19670
3232 11355
4230 13220
10706 19828
3519 14392
20153 26303
13161 13751
25712 27668
1988 19057
2176 18182
6559 25784
8081 18734
15217 24678
14977 24305
7104 21719
6233 11374
7980 27782
15124 18032
3528 14375
18741 18921
11899 18047
7135 9612
10332 14908
11409 25980
6161 23890
17017 23599
25607 26211
13218 19313
18477 19941
427 1035
4581 28009
15805 19230
3385 12023
1887 15283
1427 14773
23624 27738
3535 5606
637 14968
6482 26944
1611 23939
3830 6722
27253 27324
14800 22359
579 5459
8178 11848
13578 27704
7037 23193
15346 21111
19915 23239
2827 11107
13757 24471
8850 21543
5417 27324
8721 10478
2522 13572
15723 20603
24199 25292
2295 6671
24373 25727
1312 5719
1049 11872
1152 25862
795 14691
4531 17821
17111 24347
13989 19625
1080 2391
9930 25021
4460 11809
13373 19303
9279 22342
7838 9972
987 4714
9336 26769
144 23111
22026 26764
1495 8996
5254 23737
1221 6410
9200 25364
1282 20365
1914 6541
9466 28023
12469 12914
5539 8047
3787 4807
22971 23614
2908 25604
17085 24687
12844 25181
8495 27191
22127 24191
4183 12743
21766 28065
5417 27253
17490 22886
12051 25910
12919 16698
21821 25333
19136 27512
14260 22381
12083 14642
14550 19045
13304 17399
2302 25169
2383 5131
14842 18049
2534 26563
16400 26618
5050 14844
14095 27045
14281 23905
4988 27779
23203 26321
2008 22709
15347 17864
1481 4146
10382 18554
2478 21708
4737 12952
16647 27654
1379 14207
6168 13234
18809 22627
11036 11483
5378 19940
51 27662
2591 9131
2431 15958
4491 21421
15295 27950
17579 22042
8300 22172
20005 26753
6109 26511
2876 9089
7089 21556
27036 27850
6769 11068
10604 15981
4746 14496
2335 15181
19421 27592
2551 21574
4528 9898
4115 4373
2492 16122
15774 19429
1322 21989
12260 22236
6954 21080
11749 28408
7419 23542
11281 18103
7674 26225
14660 21322
2821 23078
1260 25677
3829 9257
8109 16409
9731 17738
12256 25782
10481 11782
7561 23638
1079 27390
17423 23145
9667 17256
27004 27718
11244 21164
7588 24256
8668 27753
9475 25418
4108 14483
13 4108
9420 18044
5668 9261
4196 10501
18932 27753
13 14483
7090 22651
8668 18932
18767 27753
4196 20363
8668 18767
18767 18932
12569 18894
10501 20363
19074 20395
2596 12569
4454 22003
5668 22993
18676 21587
7689 24829
7090 27753
7090 8668
5784 24321
7090 16362
7090 18609
7090 18767
16362 22651
22651 27753
8668 22651
2301 18676
21276 27725
7090 18932
16370 26835
8749 16362
2301 21587
16362 18932
7689 24288
18609 22651
8749 18767
11669 20395
18938 24161
9261 22993
5853 15073
16362 27753
24288 24829
16392 20645
8668 16362
18932 22651
18767 22651
11911 12968
16362 18767
14690 16179
26705 28439
23848 25154
644 2453
4161 22668
18609 18767
8668 8749
2266 4214
12968 23278
1318 27392
2596 18894
7090 8749
8749 18609
8749 27753
5668 7689
15089 16943
6999 9417
8749 22651
8749 18932
13297 22668
23278 24093
1318 15509
18609 27753
11911 23278
8668 18609
2596 11669
12968 24093
11669 19074
16362 18609
2433 4764
4161 13297
2596 20395
7194 9377
7689 9261
10227 18507
15509 27392
5516 16943
3927 24321
20731 21778
5171 24829
18609 18932
14210 27392
12569 20395
5171 24288
1127 25406
11911 24093
5171 7689
16557 18966
5030 13154
1318 14210
5668 24829
11669 12569
15610 19682
11543 11886
2596 19074
24215 24929
6321 18923
19966 21246
14210 15509
2279 22634
12569 19074
5334 23805
5668 24288
4188 18818
13368 14311
13368 22812
14210 20622
9261 24829
22064 26224
6999 16179
3927 5784
9417 16179
11525 23666
6999 14690
11624 17528
20121 26982
13661 15183
9417 14690
5171 5668
15959 17473
9261 24288
6179 27248
1907 20705
5793 9384
4454 25847
16718 16852
14615 16989
878 16557
18120 22125
22003 25847
1881 5761
27006 27355
12702 25154
5171 9261
6810 19840
12551 25913
19083 26157
10653 17396
19615 19621
22695 27896
17302 20622
20622 27392
15722 24342
9655 17473
7252 17699
6278 21786
12280 22570
10661 24044
12702 23848
7016 28219
16273 16614
16273 22404
4222 26223
7500 19760
1318 20622
25578 25618
5922 11751
13835 16614
1610 19792
1329 9584
15509 20622
11401 12385
15863 23969
2376 14363
16614 22404
1874 5884
24411 25154
13967 15716
4828 15570
190 14863
3884 15764
11019 22633
8586 25916
13363 21786
1575 11035
10010 18449
12129 26717
15716 17148
4499 23159
1601 14670
11525 12794
15620 27442
5271 24390
20415 25578
3074 4191
15982 27320
2470 6102
9124 16022
8049 24933
12794 23666
15123 17473
1550 7197
15583 16326
5710 17735
1510 27846
22145 24933
7213 17046
8925 11281
8925 18103
11525 26876
10765 15803
18535 25090
10653 12541
23666 26876
6054 16989
7662 10324
17699 23244
17049 22386
6458 22326
6278 13363
3748 14250
7252 23244
9305 20757
3696 28219
18584 23920
20782 24722
18578 22714
1308 15028
3435 9192
20415 25618
721 19792
3696 7016
1308 2618
6400 8037
13154 22443
3323 7560
2404 16991
7295 17148
4214 7252
3298 10144
10377 22534
4284 6102
5486 7880
12541 17396
12811 15864
13087 18947
3159 5004
24226 25445
13087 20758
3702 21942
16556 25415
2937 3341
2266 7252
19095 24722
13782 14902
11035 19232
1575 19232
3767 8900
12918 18339
7016 7493
7493 28219
12794 26876
26257 26903
8965 16119
7493 13860
4046 21555
3027 28384
12673 21528
18507 25202
6462 13835
2174 11290
1649 7511
8687 21326
7213 9205
10144 16230
2618 15028
23132 23446
11159 17146
12677 23132
11911 11991
20144 25725
19581 22938
5019 13859
7213 15312
5958 9384
18441 26084
15342 21570
2294 3537
14739 23789
16582 27434
15028 22114
11991 24093
21506 23544
11972 23334
5085 16582
9655 15123
5810 8764
11509 14555
15981 25519
10604 25519
21427 28171
2508 25950
7317 20637
7213 27059
1308 22114
4569 23295
5030 20705
4773 11159
7213 10606
3415 11751
23334 28522
12912 16852
20164 27574
6857 23213
17257 20822
3635 17716
3580 8965
23334 27434
12677 23446
3582 9304
7112 27355
9205 15312
5091 24997
1396 5040
12428 27096
8762 8965
13967 17148
4882 11608
18675 21850
11917 19792
8764 11290
3415 5922
12673 15674
19957 22054
16119 17257
6857 23334
16557 25467
1575 6412
12969 23334
2350 22626
22213 26502
15674 21528
3580 20822
4705 6857
4178 15518
2376 27516
16230 24761
17257 21850
3786 13929
4705 23213
23213 27434
27059 27273
4705 27434
8655 27006
9745 23213
2618 22114
12737 23407
20822 21850
2984 17255
5061 5083
11972 27434
12562 15842
6857 28522
4705 9745
3240 5638
1639 18201
14363 27516
20998 24362
9745 23334
4705 23334
15312 27059
254 15790
647 11799
18966 25467
7870 19026
3663 21770
23334 25934
721 11917
6857 9745
5810 11290
13005 27819
14605 16052
982 25876
1904 8368
9205 27059
16582 23334
7213 11940
23048 26079
10994 20800
3702 23197
14555 27802
18730 21013
5061 27408
15440 19859
5954 7750
9205 11940
12969 28522
4705 11972
1881 3415
14055 17118
17118 22779
15243 19768
3580 21850
407 13440
19095 20782
20085 22511
14437 24161
24362 26853
11972 16582
11151 26740
6857 20458
9434 26705
3580 17257
13739 21996
4705 16582
13022 19498
9745 11965
9745 25934
9745 13739
16923 17253
1127 19802
20458 23213
12969 16582
7870 11298
1060 7750
1516 13739
11940 15312
4705 20458
11889 17653
5085 25513
9001 26922
1881 11751
6857 12969
7332 9648
19211 20405
16518 27491
26798 27777
5954 15535
1881 5922
12962 20253
14437 18938
10069 27574
9959 11087
8956 26798
19957 27974
5085 10105
14033 26139
11509 27802
10059 12118
7665 10127
2564 14858
20040 22202
20800 28524
17297 22878
12646 16518
2508 6103
13005 25469
18159 25740
26853 27434
20727 26826
18081 19632
7750 15535
15308 21996
11940 27059
4705 26853
18737 25291
23334 26853
11147 21961
6857 20253
4569 5954
17822 17969
1060 9001
6257 17648
25513 28452
4569 15535
8956 27777
20253 23213
11972 26853
3655 21191
8762 21667
1516 9745
5961 16582
15699 20134
13887 22703
11298 20164
5761 12562
4327 5302
21770 24456
11608 23295
10105 25513
20405 27059
8431 10572
5085 5961
9303 14925
9745 20458
3663 24456
20727 20998
5954 23295
11940 17716
7213 14585
2763 4284
12106 12681
5276 18577
1302 3105
6806 12292
15535 23295
10010 18634
4569 7750
5761 5922
11801 14454
5085 12118
16582 26853
13385 18857
19862 27169
11972 15953
11298 19026
5085 11102
7750 23295
15492 22147
12428 23634
8992 20325
10774 16771
872 14049
14049 26703
2802 15028
6843 17969
4499 24718
5954 9001
12664 24781
1354 21099
1659 22888
4161 4602
5192 19557
11964 22715
12431 26764
12431 22026
11102 12118
7750 25934
5785 12912
18005 23697
1308 14081
7750 9001
4008 5497
9496 27335
14585 15312
12829 19180
13930 15028
17357 23179
5446 5961
5070 20800
7683 14280
5954 26922
4302 18382
4602 13297
20253 20458
9745 15312
1366 9517
1283 21479
5533 18679
24781 27096
4602 22668
2618 2802
7746 16392
529 7311
9205 14585
21758 26063
7435 19875
1481 27974
4146 27974
12681 25417
13118 25850
1308 13930
9243 22776
3346 28418
16164 21667
13643 20802
27366 28524
14198 25417
7746 20645
4387 27953
11940 14585
12957 19768
4428 19760
2618 13930
20537 22584
1718 25712
1718 27668
10083 19633
13930 22114
12235 22029
11298 23733
8323 25513
10934 22228
4605 24209
5818 19747
14060 26810
9745 27059
24413 28277
9745 11940
1308 25725
4240 12928
7213 9745
1396 4214
14585 27059
1341 26787
23271 24251
11277 16424
11394 16035
4501 11013
22550 25522
6069 21357
7683 8474
8323 28452
6843 7748
1481 19957
4146 19957
9205 9745
12748 26858
12106 25417
26063 26812
14585 23213
6815 27677
4882 24366
7213 11965
1308 25950
1396 2266
10826 19144
12431 19464
11965 27059
8947 26340
2778 18633
6046 14780
11965 15312
897 28257
11940 11965
17105 27392
19464 22026
19464 26764
6069 7323
13927 25901
6857 14585
23634 27096
25390 25525
14081 25950
22162 23894
4192 14471
7811 22784
15735 28327
20384 28430
26340 26858
8947 26858
21829 23895
21758 26812
8947 16731
13420 16956
14454 25659
9745 14585
64 23809
3437 24398
3437 21904
6517 14160
14338 27311
9216 23298
11002 25988
11698 12748
9205 11965
9952 12431
14585 20253
9308 15849
5122 20384
1813 27781
12495 24190
10371 12510
96 5638
5352 25799
13829 17594
12288 20104
4188 10604
4188 15981
11801 25659
23329 27167
14631 22473
8359 28255
14081 25725
178 20023
6815 23197
2908 7811
7811 25604
8368 20406
1718 19122
11801 12431
8136 14387
7770 27769
5898 28054
18797 26916
12495 16265
5898 27662
51 5898
2659 26033
27677 27769
172 24939
1385 20991
8891 19211
9117 15115
18604 26167
19122 27668
19122 25712
11965 14585
13694 27769
5146 26892
24413 28257
5898 16236
5937 19951
11698 26858
3439 12609
6241 27360
9907 12748
4843 6815
11801 26764
11801 22026
9907 11698
3136 11488
11251 18789
15176 19308
6815 7770
12431 14454
11002 27769
28389 28430
14454 26764
14454 22026
9399 19549
5641 14631
9368 19333
25988 27769
5768 14424
18242 23601
3717 17134
18418 20379
2398 17972
16840 19420
2937 18932
5197 22472
14454 19464
18797 21780
5629 15249
8179 23456
16956 17494
7587 28454
10371 24413
26326 28257
13385 25602
4064 17494
